$ 1 0.000005 10.20027730826997 50 5 50
t 1296 32 1280 32 0 1 -4.533622028925715 0.5366291733243562 100
t 1280 48 1248 48 0 -1 6.929748797749928 2.2647667962345857 100
t 1216 96 1184 96 0 -1 6.7564277774377945 2.0914457759589355 100
t 1232 80 1216 80 0 1 -4.707576280460804 0.5359959421014011 100
r 1312 32 1312 -16 0 5200
w 1296 32 1312 32 0
r 1312 32 1312 80 0 200
r 1280 224 1280 272 0 33000
g 1280 272 1280 288 0
g 1248 64 1248 288 0
w 1280 16 1280 -16 0
w 1280 224 1280 48 0
w 1232 80 1312 80 0
r 1312 80 1312 128 0 375
r 1216 224 1216 272 0 33000
g 1216 272 1216 288 0
w 1216 224 1216 96 0
w 1184 112 1184 224 0
g 1184 224 1184 288 0
r 1312 128 1312 176 0 330
w 1120 160 1120 272 0
w 1152 160 1152 144 0
w 1168 128 1312 128 0
t 1168 128 1152 128 0 1 -5.032980327965473 0.5347667057356995 100
t 1152 144 1120 144 0 -1 6.432252966298828 1.7672709649066212 100
r 1152 224 1152 272 0 33000
g 1152 272 1152 288 0
g 1120 272 1120 288 0
w 1152 224 1152 160 0
w 1088 224 1088 208 0
g 1056 272 1056 288 0
g 1088 272 1088 288 0
r 1088 224 1088 272 0 33000
t 1088 192 1056 192 0 -1 6.147665572018645 1.4826835709593693 100
t 1104 176 1088 176 0 1 -5.3186990330567445 0.5336353949246107 100
w 1104 176 1312 176 0
w 1088 208 1088 192 0
w 1056 208 1056 272 0
r 1312 272 1312 320 0 1600
w 1312 272 1312 176 0
r 1056 176 1008 176 0 10000
r 1056 128 1008 128 0 2700
r 1056 80 1008 80 0 800
w 1088 160 1088 -16 0
w 1152 112 1152 -16 0
w 1216 64 1216 -16 0
w 1056 128 1120 128 0
w 1056 80 1184 80 0
w 1248 32 1008 32 0
w 1152 -16 1088 -16 0
w 1008 176 1008 128 0
w 1008 128 1008 80 0
w 1008 80 1008 32 0
w 1152 -16 1216 -16 0
w 1216 -16 1280 -16 0
w 1280 -16 1312 -16 0
t 1088 384 1056 384 0 1 -6.167422614257617 0.5076902002166488 100
t 1104 400 1088 400 0 -1 5.298949328891548 -0.5336280568508345 100
w 1056 368 1056 352 0
w 992 320 992 -16 0
w 992 -16 1088 -16 0
r 1088 320 1088 368 0 33000
w 1088 368 1088 384 0
w 1056 320 1088 320 0
w 1056 352 1056 320 0
w 1056 320 992 320 0
r 1152 320 1152 368 0 33000
r 1216 320 1216 368 0 33000
r 1280 320 1280 368 0 33000
w 1120 320 1120 416 0
w 1088 320 1120 320 0
w 1120 320 1152 320 0
w 1152 320 1184 320 0
w 1184 320 1216 320 0
w 1216 320 1248 320 0
w 1248 320 1280 320 0
w 1104 400 1312 400 0
w 1168 448 1184 448 0
w 1184 320 1184 464 0
t 1168 448 1152 448 0 -1 5.013230802435549 -0.5346753670119302 100
t 1152 432 1120 432 0 1 -6.452093830552521 0.525120790113224 100
r 1056 400 1008 400 0 10000
r 1056 448 1008 448 0 2700
w 1184 448 1312 448 0
r 1056 496 1008 496 0 800
t 1216 480 1184 480 0 1 -6.776179473990465 0.5071597280148472 100
t 1248 496 1216 496 0 -1 4.687829597177794 -0.5359909288317413 100
w 1056 448 1120 448 0
w 1056 496 1184 496 0
w 1152 432 1152 368 0
w 1216 480 1216 368 0
t 1280 528 1248 528 0 1 -6.949423591450133 0.3855944070345245 100
w 1248 320 1248 512 0
w 1248 544 1008 544 0
w 1008 544 1008 496 0
w 1008 496 1008 448 0
w 1008 448 1008 400 0
g 1088 416 1088 608 0
g 1152 464 1152 608 0
g 1216 512 1216 608 0
w 1248 496 1312 496 0
w 1280 368 1280 528 0
t 1312 544 1280 544 0 -1 4.513876942800409 -0.5366994657494581 100
w 1312 320 1312 400 0
r 1312 448 1312 400 0 330
r 1312 448 1312 496 0 375
r 1312 496 1312 544 0 200
g 1280 560 1280 608 0
r 1312 544 1312 592 0 5600
g 1312 592 1312 608 0
w 1008 400 1008 176 0
r 1008 544 960 544 0 1000
R 1312 -16 1392 -16 0 0 40 12 0 0 0.5
w 1008 544 1008 576 0
x 984 595 1086 598 0 24 senoidal
x 1031 652 1318 655 0 24 ICL8038 salida senoidal
t 896 96 864 96 0 1 -4.000152044313492 0.4512866478205959 100
t 864 112 832 112 0 1 -4.451438692134088 0.5666646607452099 100
w 832 96 832 80 0
w 832 80 864 80 0
w 864 80 864 -16 0
t 768 112 800 112 0 1 -4.905217913696397 0.11288540241622602 100
t 736 96 768 96 0 1 -7.6948175276752915 -2.7895996139788943 100
w 800 96 800 80 0
w 800 80 768 80 0
w 800 128 816 128 0
w 816 128 832 128 0
r 816 128 816 176 0 10000
g 816 176 816 192 0
w 768 80 768 32 0
w 912 -16 864 -16 0
r 768 32 768 -16 0 4000
w 864 -16 768 -16 0
r 960 -16 960 32 0 5000
r 960 160 960 208 0 5000
r 960 304 960 352 0 5000
w 960 -16 992 -16 0
g 960 352 960 368 0
w 960 96 960 32 0
w 960 304 960 208 0
t 832 288 800 288 0 -1 4.441205146342871 -0.5565450318706588 100
t 864 304 832 304 0 -1 4.00003812739861 -0.44116701894426136 100
t 736 288 768 288 0 -1 4.588888420175009 -0.4039728789866537 100
t 704 304 736 304 0 -1 4.300293556506166 -0.2885948636688429 100
w 768 272 784 272 0
w 784 272 800 272 0
r 784 272 784 224 0 15000
w 736 320 768 320 0
w 768 320 768 304 0
w 832 320 800 320 0
w 800 320 800 304 0
g 832 320 832 336 0
w 784 224 784 208 0
w 784 208 736 208 0
w 736 160 736 -16 0
w 736 -16 768 -16 0
w 704 304 704 160 0
w 736 96 704 96 0
w 896 96 960 96 0
w 864 304 960 304 0
w 960 160 960 96 0
t 720 32 688 32 0 -1 11.999999962543644 -3.6766675037824825e-8 100
w 720 32 768 32 0
w 688 16 688 -16 0
w 736 -16 688 -16 0
w 688 48 688 464 0
t 544 80 576 80 0 1 -3.9688366811735607 0.5423607486556925 100
r 576 32 576 -16 0 10000
w 576 32 576 64 0
w 544 80 544 64 0
t 512 48 544 48 0 -1 3.541605187664598 -0.4272314935089625 100
w 544 32 576 32 0
w 688 -16 576 -16 0
t 544 144 576 144 0 1 0 0.542341545703648 100
w 576 128 576 112 0
w 576 112 576 96 0
w 576 112 544 112 0
w 544 144 544 112 0
w 576 160 608 160 0
w 736 208 736 160 0
w 416 144 416 112 0
w 448 112 416 112 0
w 448 112 448 96 0
w 448 128 448 112 0
t 416 144 448 144 0 1 0 0.5423580923400346 100
w 416 32 448 32 0
t 384 48 416 48 0 -1 6.7181399439376435 -0.42723149350880085 100
w 416 80 416 64 0
w 448 32 448 64 0
r 448 32 448 -16 0 10000
t 416 80 448 80 0 1 -7.145371437446444 0.5423607486556932 100
t 416 144 384 144 0 1 -7.260500692593337 0.42899524760608587 100
t 352 32 384 32 0 1 -2.6402339289167287 0.4282761535012991 100
w 384 64 384 48 0
r 384 160 384 208 0 40000
w 384 208 448 208 0
w 448 208 448 160 0
w 384 16 384 -16 0
w 576 -16 448 -16 0
w 448 -16 384 -16 0
t 544 208 576 208 0 1 -3.176551302909433 0.559828368318266 100
w 576 192 576 160 0
w 544 208 448 208 0
t 544 272 576 272 0 1 0 0.542376231772725 100
t 496 272 528 272 0 1 0 0.5423762317727252 100
r 576 288 576 336 0 100
r 528 288 528 336 0 100
w 576 256 576 240 0
w 576 240 576 224 0
w 576 240 528 240 0
w 528 256 528 240 0
w 544 272 496 272 0
g 576 336 576 352 0
g 528 336 528 352 0
t 480 240 448 240 0 1 -0.559828368318266 0.542376231770294 100
w 448 224 448 208 0
w 480 240 496 240 0
w 496 240 496 272 0
w 496 240 528 240 0
w 448 256 448 288 0
r 448 288 448 336 0 100
g 448 336 448 352 0
t 352 96 352 64 0 1 0 -0.4282761535012991 100
w 352 96 384 96 0
w 336 64 336 32 0
w 352 32 336 32 0
w 368 64 384 64 0
w 384 64 384 96 0
w 384 96 384 128 0
t 480 464 512 464 0 1 0.5089195650523038 0.5771817375452498 100
t 432 464 400 464 0 1 -1.7289562918405277 0.06826217249294601 100
t 512 528 480 528 0 1 -0.5722928584933826 0.004888879051867184 100
t 576 464 544 464 0 1 -0.0682621718032644 6.896816114164772e-10 100
r 512 416 512 368 0 1800
r 400 416 400 368 0 620
r 688 480 688 528 0 4700
g 688 528 688 544 0
w 576 464 688 464 0
w 688 464 688 480 0
g 544 480 544 496 0
g 512 480 512 496 0
w 512 448 544 448 0
w 480 512 480 464 0
g 480 544 480 560 0
w 512 528 624 528 0
w 736 352 624 352 0
w 624 352 624 528 0
r 624 528 624 576 0 4700
g 624 576 624 592 0
w 736 352 736 320 0
r 432 464 432 512 0 470
t 416 528 384 528 0 1 -1.0603689601388278 0.0682621725097728 100
r 416 416 464 416 0 27000
w 480 416 480 464 0
w 400 448 400 416 0
w 432 464 432 432 0
w 432 432 512 432 0
w 512 432 512 416 0
w 512 432 512 448 0
w 432 512 432 528 0
w 432 528 416 528 0
g 384 544 384 560 0
g 400 480 400 496 0
w 512 368 400 368 0
w 400 368 336 368 0
t 288 272 320 272 0 1 -9.584569376598255 0.576870298282063 100
r 288 272 288 224 0 30000
w 320 288 320 368 0
w 336 368 320 368 0
w 288 224 288 -16 0
w 304 -16 288 -16 0
w 320 256 320 224 0
w 320 224 288 224 0
t 384 416 352 416 0 1 -10.202781535666526 0.5950246029738921 100
r 352 432 352 480 0 270
r 352 480 352 528 0 2700
w 384 416 400 416 0
w 352 400 352 224 0
w 352 224 320 224 0
g 352 528 352 560 0
t 352 480 320 480 0 1 0.6089272055332361 0.6160559250976494 100
g 320 496 320 560 0
w 320 464 320 432 0
w 384 512 384 208 0
d 288 272 288 304 1 0.805904783
d 288 304 288 336 1 0.805904783
d 288 336 288 368 1 0.805904783
d 288 368 288 400 1 0.805904783
g 288 400 288 416 0
w 512 48 384 48 0
c 608 160 608 208 0 5.000000000000001e-7 4.3051824355580335
g 608 208 608 224 0
w 608 160 704 160 0
r 304 -16 304 32 0 11000
r 304 32 304 80 0 39000
g 304 80 304 96 0
w 304 -16 384 -16 0
t 912 512 880 512 0 1 0 0.5419910261962908 100
t 912 512 944 512 0 1 -7.0688102100008825 0.5298155180923896 100
t 784 528 816 528 0 1 -7.1524760187383185 0.4784399961675305 100
t 816 544 848 544 0 1 -7.630916014905849 0.5218762474828105 100
t 848 560 880 560 0 -1 3.8472077376113405 -0.5419910261914862 100
t 912 560 944 560 0 -1 3.8472077376113405 -0.5541665342953874 100
w 880 544 880 528 0
w 944 544 944 528 0
w 944 544 960 544 0
w 912 512 912 480 0
w 912 480 880 480 0
w 880 480 880 496 0
r 880 480 880 432 0 27000
w 944 496 944 432 0
w 912 432 880 432 0
r 816 544 816 592 0 27000
r 848 592 848 640 0 27000
w 848 592 816 592 0
w 848 592 848 560 0
w 848 528 848 432 0
w 816 512 816 432 0
w 816 432 848 432 0
w 848 432 880 432 0
w 576 112 656 112 0
w 656 112 656 432 0
w 656 432 768 432 0
w 768 432 768 528 0
w 784 528 768 528 0
g 848 640 848 656 0
g 880 576 880 592 0
g 944 576 944 592 0
w 912 560 848 560 0
w 912 432 912 -16 0
w 912 -16 960 -16 0
w 912 432 944 432 0
w 320 432 240 432 0
r 240 432 240 384 0 10000
w 240 384 240 -16 0
w 288 -16 240 -16 0
s 176 32 208 32 0 0 false
w 208 32 304 32 0
w 336 32 336 16 0
w 336 16 160 16 0
w 160 16 160 32 0
w 160 32 176 32 0
w 704 160 704 96 0
174 1408 544 1376 608 0 82000 0.16340000000000002 Resistance
g 1408 608 1408 624 0
w 1312 544 1376 544 0
w 1376 576 1376 544 0
w 1408 544 1376 544 0
w 400 416 416 416 0
w 464 416 480 416 0
o 290 64 0 4098 10 0.0015625 0 2 290 3
o 113 64 0 4106 12.395120892555477 0.0001 1 2 113 3
o 332 64 0 4098 10 0.00625 2 2 332 3
o 305 64 0 4098 10 0.000390625 3 2 305 3
