$ 1 0.000005 10.20027730826997 50 5 50
t 1296 32 1280 32 0 1 -3.4000289409777515 0.528822766220375 100
t 1280 48 1248 48 0 -1 5.071148292801873 1.0003975368086513 100
t 1216 96 1184 96 0 -1 4.941330564229487 0.8705798082822716 100
t 1232 80 1216 80 0 1 -3.5304949855440118 0.5281744502265013 100
r 1312 32 1312 -16 0 5200
w 1296 32 1312 32 0
r 1312 32 1312 80 0 200
r 1280 224 1280 272 0 33000
g 1280 272 1280 288 0
g 1248 64 1248 288 0
w 1280 16 1280 -16 0
w 1280 224 1280 48 0
w 1232 80 1312 80 0
r 1312 80 1312 128 0 375
r 1216 224 1216 272 0 33000
g 1216 272 1216 288 0
w 1216 224 1216 96 0
w 1184 112 1184 224 0
g 1184 224 1184 288 0
r 1312 128 1312 176 0 330
w 1120 160 1120 272 0
w 1152 160 1152 144 0
w 1168 128 1312 128 0
t 1168 128 1152 128 0 1 -3.774562863840492 0.5269147858725951 100
t 1152 144 1120 144 0 -1 4.698522350286913 0.6277715944489604 100
r 1152 224 1152 272 0 33000
g 1152 272 1152 288 0
g 1120 272 1120 288 0
w 1152 224 1152 160 0
w 1088 224 1088 208 0
g 1056 272 1056 288 0
g 1088 272 1088 288 0
r 1088 224 1088 272 0 33000
t 1088 192 1056 192 0 -1 4.485368502856151 0.41461774743800106 100
t 1104 176 1088 176 0 1 -3.988877396525192 0.5257541006186575 100
w 1104 176 1312 176 0
w 1088 208 1088 192 0
w 1056 208 1056 272 0
r 1312 272 1312 320 0 1600
w 1312 272 1312 176 0
r 1056 176 1008 176 0 10000
r 1056 128 1008 128 0 2700
r 1056 80 1008 80 0 800
w 1088 160 1088 -16 0
w 1152 112 1152 -16 0
w 1216 64 1216 -16 0
w 1056 128 1120 128 0
w 1056 80 1184 80 0
w 1248 32 1008 32 0
w 1152 -16 1088 -16 0
w 1008 176 1008 128 0
w 1008 128 1008 80 0
w 1008 80 1008 32 0
w 1152 -16 1216 -16 0
w 1216 -16 1280 -16 0
w 1280 -16 1312 -16 0
t 1088 384 1056 384 0 1 -4.499992293866836 0.41382539836459564 100
t 1104 400 1088 400 0 -1 3.9741750310635156 -0.525832675069648 100
w 1056 368 1056 352 0
w 992 320 992 -16 0
w 992 -16 1088 -16 0
r 1088 320 1088 368 0 33000
w 1088 368 1088 384 0
w 1056 320 1088 320 0
w 1056 352 1056 320 0
w 1056 320 992 320 0
r 1152 320 1152 368 0 33000
r 1216 320 1216 368 0 33000
r 1280 320 1280 368 0 33000
w 1120 320 1120 416 0
w 1088 320 1120 320 0
w 1120 320 1152 320 0
w 1152 320 1184 320 0
w 1184 320 1216 320 0
w 1216 320 1248 320 0
w 1248 320 1280 320 0
w 1104 400 1312 400 0
w 1168 448 1184 448 0
w 1184 320 1184 464 0
t 1168 448 1152 448 0 -1 3.7598591003994275 -0.5269924866877918 100
t 1152 432 1120 432 0 1 -4.713148412912781 0.21609930329498983 100
r 1056 400 1008 400 0 10000
r 1056 448 1008 448 0 2700
w 1184 448 1312 448 0
r 1056 496 1008 496 0 800
t 1216 480 1184 480 0 1 -4.955963637192 -0.026714393219216426 100
t 1248 496 1216 496 0 -1 3.5157879879142 -0.5282483748937996 100
w 1056 448 1120 448 0
w 1056 496 1184 496 0
w 1152 432 1152 368 0
w 1216 480 1216 368 0
t 1280 528 1248 528 0 1 -5.085785836455084 -0.15653659244830598 100
w 1248 320 1248 512 0
w 1248 544 1008 544 0
w 1008 544 1008 496 0
w 1008 496 1008 448 0
w 1008 448 1008 400 0
g 1088 416 1088 608 0
g 1152 464 1152 608 0
g 1216 512 1216 608 0
w 1248 496 1312 496 0
w 1280 368 1280 528 0
t 1312 544 1280 544 0 -1 3.3853193403750934 -0.5288948231698227 100
w 1312 320 1312 400 0
r 1312 448 1312 400 0 330
r 1312 448 1312 496 0 375
r 1312 496 1312 544 0 200
g 1280 560 1280 608 0
r 1312 544 1312 592 0 5600
g 1312 592 1312 608 0
w 1008 400 1008 176 0
r 1008 544 960 544 0 1000
R 1312 -16 1392 -16 0 0 40 9 0 0 0.5
w 1008 544 1008 576 0
x 984 595 1086 598 0 24 senoidal
x 1031 652 1318 655 0 24 ICL8038 salida senoidal
t 896 96 864 96 0 1 -3.00010867272577 0.44293281774299675 100
t 864 112 832 112 0 1 -3.443041490468767 0.5583108306690274 100
w 832 96 832 80 0
w 832 80 864 80 0
w 864 80 864 -16 0
t 768 112 800 112 0 1 -3.883835836104674 0.11751644082618373 100
t 736 96 768 96 0 1 -4.997771372900298 -1.1139355367956245 100
w 800 96 800 80 0
w 800 80 768 80 0
w 800 128 816 128 0
w 816 128 832 128 0
r 816 128 816 176 0 10000
g 816 176 816 192 0
w 768 80 768 32 0
w 912 -16 864 -16 0
r 768 32 768 -16 0 4000
w 864 -16 768 -16 0
r 960 -16 960 32 0 5000
r 960 160 960 208 0 5000
r 960 304 960 352 0 5000
w 960 -16 992 -16 0
g 960 352 960 368 0
w 960 96 960 32 0
w 960 304 960 208 0
t 832 288 800 288 0 -1 3.4329244419585376 -0.5482747928703224 100
t 864 304 832 304 0 -1 3.0000276620167172 -0.4328967799418204 100
t 736 288 768 288 0 -1 3.867621933184764 -0.11357725729795254 100
t 704 304 736 304 0 -1 4.002228538546621 0.1346066053618573 100
w 768 272 784 272 0
w 784 272 800 272 0
r 784 272 784 224 0 15000
w 736 320 768 320 0
w 768 320 768 304 0
w 832 320 800 320 0
w 800 320 800 304 0
g 832 320 832 336 0
w 784 224 784 208 0
w 784 208 736 208 0
w 736 160 736 -16 0
w 736 -16 768 -16 0
w 704 304 704 160 0
w 736 96 704 96 0
w 896 96 960 96 0
w 864 304 960 304 0
w 960 160 960 96 0
t 720 32 688 32 0 -1 8.999999955088063 -4.420693677786858e-8 100
w 720 32 768 32 0
w 688 16 688 -16 0
w 736 -16 688 -16 0
w 688 48 688 464 0
t 544 80 576 80 0 1 -1.9401367515859116 0.535246910842381 100
r 576 32 576 -16 0 10000
w 576 32 576 64 0
w 544 80 544 64 0
t 512 48 544 48 0 -1 1.5200190960536855 -0.42011765553222613 100
w 544 32 576 32 0
w 688 -16 576 -16 0
t 544 144 576 144 0 1 0 0.5352215596822765 100
w 576 128 576 112 0
w 576 112 576 96 0
w 576 112 544 112 0
w 544 144 544 112 0
w 576 160 608 160 0
w 736 208 736 160 0
w 416 144 416 112 0
w 448 112 416 112 0
w 448 112 448 96 0
w 448 128 448 112 0
t 416 144 448 144 0 1 0 0.5352435607865832 100
w 416 32 448 32 0
t 384 48 416 48 0 -1 5.505908339102156 -0.42011765553243485 100
w 416 80 416 64 0
w 448 32 448 64 0
r 448 32 448 -16 0 10000
t 416 80 448 80 0 1 -5.926025994634591 0.5352469108423802 100
t 416 144 384 144 0 1 -6.041155249944537 0.4276819910254115 100
t 352 32 384 32 0 1 -1.9802228306037426 0.42706101992514967 100
w 384 64 384 48 0
r 384 160 384 208 0 40000
w 384 208 448 208 0
w 448 208 448 160 0
w 384 16 384 -16 0
w 576 -16 448 -16 0
w 448 -16 384 -16 0
t 544 208 576 208 0 1 -3.985911244152777 0.006797440314910185 100
w 576 192 576 160 0
w 544 208 448 208 0
t 544 272 576 272 0 1 0 0.009519898420443259 100
t 496 272 528 272 0 1 0 0.009519898420443259 100
r 576 288 576 336 0 100
r 528 288 528 336 0 100
w 576 256 576 240 0
w 576 240 576 224 0
w 576 240 528 240 0
w 528 256 528 240 0
w 544 272 496 272 0
g 576 336 576 352 0
g 528 336 528 352 0
t 480 240 448 240 0 1 -0.006797440314910185 0.00951989841925292 100
w 448 224 448 208 0
w 480 240 496 240 0
w 496 240 496 272 0
w 496 240 528 240 0
w 448 256 448 288 0
r 448 288 448 336 0 100
g 448 336 448 352 0
t 352 96 352 64 0 1 0 -0.42706101992514967 100
w 352 96 384 96 0
w 336 64 336 32 0
w 352 32 336 32 0
w 368 64 384 64 0
w 384 64 384 96 0
w 384 96 384 128 0
t 448 464 480 464 0 1 -0.5749076631280959 0.03405100169113698 100
t 432 464 400 464 0 1 0.5749076623920285 0.6089586648192329 100
t 480 528 448 528 0 1 -0.03405095734499355 4.4346143433735385e-8 100
t 576 464 544 464 0 1 -0.608958664114232 7.050008227287018e-10 100
r 480 416 480 368 0 1800
r 400 416 400 368 0 620
r 688 480 688 528 0 4700
g 688 528 688 544 0
w 576 464 688 464 0
w 688 464 688 480 0
g 544 480 544 496 0
g 480 480 480 496 0
w 480 448 544 448 0
w 448 512 448 464 0
g 448 544 448 560 0
w 480 528 624 528 0
w 736 352 624 352 0
w 624 352 624 528 0
r 624 528 624 576 0 4700
g 624 576 624 592 0
w 736 352 736 320 0
r 432 464 432 512 0 470
t 416 528 384 528 0 1 0.5381667698596782 0.5544841085996661 100
r 400 416 448 416 0 27000
w 448 416 448 464 0
w 400 448 400 416 0
w 432 464 432 432 0
w 432 432 480 432 0
w 480 432 480 416 0
w 480 432 480 448 0
w 432 512 432 528 0
w 432 528 416 528 0
g 384 544 384 560 0
g 400 480 400 496 0
w 480 368 400 368 0
w 400 368 336 368 0
t 288 272 320 272 0 1 -6.634668863713201 0.6063942365358028 100
r 288 272 288 224 0 30000
w 320 288 320 368 0
w 336 368 320 368 0
w 288 224 288 -16 0
w 304 -16 288 -16 0
w 320 256 320 224 0
w 320 224 288 224 0
t 384 416 352 416 0 1 -8.965948997572795 0.03405100128117188 100
r 352 432 352 480 0 270
r 352 480 352 528 0 2700
w 384 416 400 416 0
w 352 400 352 224 0
w 352 224 320 224 0
g 352 528 352 560 0
t 352 480 320 480 0 1 -8.99999999794588 1.0541204590959737e-9 100
g 320 496 320 560 0
w 320 464 320 432 0
w 384 512 384 208 0
d 288 272 288 304 1 0.805904783
d 288 304 288 336 1 0.805904783
d 288 336 288 368 1 0.805904783
d 288 368 288 400 1 0.805904783
g 288 400 288 416 0
w 512 48 384 48 0
c 608 160 608 208 0 5.000000000000001e-7 4.002228582892765
g 608 208 608 224 0
w 608 160 704 160 0
r 304 -16 304 32 0 11000
r 304 32 304 80 0 39000
g 304 80 304 96 0
w 304 -16 384 -16 0
t 912 512 880 512 0 1 0 0.5300502284310262 100
t 912 512 944 512 0 1 -4.400862292253747 0.5299306726370077 100
t 784 528 816 528 0 1 -4.462549857424959 0.4782670965642666 100
t 816 544 848 544 0 1 -4.940816953989225 0.5201457951188289 100
t 848 560 880 560 0 -1 3.539037250891946 -0.5300502284232813 100
t 912 560 944 560 0 -1 3.539037250891946 -0.5301697842172999 100
w 880 544 880 528 0
w 944 544 944 528 0
w 944 544 960 544 0
w 912 512 912 480 0
w 912 480 880 480 0
w 880 480 880 496 0
r 880 480 880 432 0 27000
w 944 496 944 432 0
w 912 432 880 432 0
r 816 544 816 592 0 27000
r 848 592 848 640 0 27000
w 848 592 816 592 0
w 848 592 848 560 0
w 848 528 848 432 0
w 816 512 816 432 0
w 816 432 848 432 0
w 848 432 880 432 0
w 576 112 656 112 0
w 656 112 656 432 0
w 656 432 768 432 0
w 768 432 768 528 0
w 784 528 768 528 0
g 848 640 848 656 0
g 880 576 880 592 0
g 944 576 944 592 0
w 912 560 848 560 0
w 912 432 912 -16 0
w 912 -16 960 -16 0
w 912 432 944 432 0
w 320 432 240 432 0
r 240 432 240 384 0 10000
w 240 384 240 -16 0
w 288 -16 240 -16 0
s 176 32 208 32 0 0 false
w 208 32 304 32 0
w 336 32 336 16 0
w 336 16 160 16 0
w 160 16 160 32 0
w 160 32 176 32 0
w 704 160 704 96 0
174 1408 544 1376 608 0 82000 0.16340000000000002 Resistance
g 1408 608 1408 624 0
w 1312 544 1376 544 0
w 1376 576 1376 544 0
w 1408 544 1376 544 0
o 290 64 0 4098 10 0.0015625 0 2 290 3
o 113 64 0 4106 12.395120892555477 0.0001 1 2 113 3
o 332 64 0 4098 10 0.00625 2 2 332 3
o 305 64 0 4098 10 0.000390625 3 2 305 3
